function S = dynamic_what_is_where()
% S = dynamic_what_is_where()
%
% Returns a structure with all info about what is stored where
% S has the following fields that are all arrays:
% id, group, prefix, folder (cell array), x, y 
% iv, minis, istep, dynamic, synaptic - these all contain the file number

% Oct 30 2017: Updated, after file attribution was cleaned somewhat (based in IV mistakes)

S = [];
S.folder = folder_list();
a = big_array();

S.id = a(:,1);
S.group = a(:,2);
S.x = a(:,3);
S.y = a(:,4);
S.prefix = a(:,5);
S.iv = a(:,6);
S.minis = a(:,7);
S.istep = a(:,8);
S.dynamic = a(:,9);
S.synaptic = a(:,10);

end

function res = big_array()

% Rows that were edited:
% 137	3	183	188	20160209	6	7	8	9	10 - dynamic removed (seems incomplete; crashes the reader)
% 141	3	177	188	20160209	25	26	27	28	29 - dynamic and synaptic swapped
% 187	0	154	203	20160301	0	1	2	3	4  - dynamic removed (crashes the reader)
% 230	2	150	174	20160318	44	45	46	47	48 - dynamic removed (crashes the reader)
% 256	4	193	201	20160322	34	35	36	37	38 - dynamic removed (crashes the reader)
% 258	4	183	223	20160322	44	45	46	47	48 - dynamic removed (crashes the reader)

%                           iv  min ist dyn syn

res = [
1	8	121	188	20151009	NaN	NaN	NaN	NaN	NaN
2	8	117	183	20151009	NaN	NaN	NaN	NaN	NaN
3	8	144	187	20151009	2	3	11	12	NaN
4	8	130	151	20151009	4	5	14	15	NaN
5	8	219	224	20151009	6	7	16	17	NaN
6	8	124	174	20151009	11	12	19	21	NaN
7	8	167	114	20151020	0	1	0	1	NaN
8	8	133	160	20151020	2	3	2	3	NaN
9	8	138	151	20151020	4	5	4	5	NaN
10	8	118	110	20151020	6	7	6	7	NaN
11	8	132	133	20151020	8	9	8	9	NaN
12	8	68	260	20151025	0	1	0	1	NaN
13	8	88	283	20151025	2	3	2	3	NaN
14	8	67	281	20151025	4	5	4	5	NaN
15	8	83	271	20151025	9	10	6	7	NaN
16	8	209	324	20151025	11	12	8	9	NaN
17	8	198	249	20151027	2	3	4	5	NaN
18	8	208	229	20151027	6	7	6	7	NaN
19	8	222	186	20151027	8	9	8	9	NaN
20	8	180	252	20151027	10	11	10	11	NaN
21	8	195	258	20151027	12	13	13	12	NaN
22	8	213	221	20151027	14	15	14	15	NaN
23	8	190	290	20151027	16	17	16	17	NaN
24	8	194	119	20151027	18	19	18	19	NaN
25	8	187	131	20151027	20	21	20	21	NaN
26	8	178	135	20151027	23	24	22	23	NaN
27	8	93	210	20151106	12	13	14	15	NaN
28	8	129	113	20151106	18	19	20	21	NaN
29	8	120	126	20151106	22	23	24	25	26
30	8	178	138	20151106	27	28	29	30	31
31	8	133	130	20151106	34	35	36	37	38
32	8	145	146	20151106	39	40	41	42	43
33	8	120	114	20151107	6	7	8	9	10
34	8	116	104	20151107	11	12	13	14	NaN
35	8	95	96	20151107	15	16	17	18	19
36	8	109	85	20151107	20	21	22	23	24
37	8	120	97	20151107	25	26	27	28	29
38	8	147	153	20151113	0	1	2	3	4
39	8	159	150	20151113	5	6	7	8	9
40	8	153	139	20151113	10	11	12	13	14
41	8	158	161	20151113	18	19	20	21	NaN
42	8	185	183	20151113	22	23	24	26	NaN
43	8	189	170	20151113	27	28	29	30	31
44	8	168	123	20151113	32	33	34	35	36
45	8	173	113	20151113	37	39	40	41	38
103	4	169	166	20151231	0	2	3	4	1
104	4	177	167	20151231	5	7	8	9	6
105	4	163	153	20151231	13	14	15	16	17
106	4	175	173	20151231	18	19	21	NaN	20
107	4	159	189	20151231	NaN	23	24	25	26
108	4	160	178	20151231	30	31	32	33	34
109	4	173	156	20151231	35	36	37	38	NaN
110	4	188	184	20151231	39	40	41	42	43
111	4	158	195	20160118	0	2	3	4	1
112	4	179	185	20160118	5	7	8	9	6
113	4	184	247	20160118	10	12	13	14	11
114	4	207	239	20160118	15	17	18	19	16
115	4	177	239	20160118	20	22	23	24	21
116	4	191	257	20160118	25	27	28	NaN	26
117	4	193	192	20160118	29	30	31	32	33
118	4	154	207	20160118	34	36	37	38	35
119	4	170	193	20160118	40	41	42	43	44
120	0	189	184	20160122	6	7	8	9	5
121	0	186	213	20160122	10	12	13	14	11
122	0	187	198	20160122	15	27	28	19	16
123	0	185	190	20160202	0	1	2	3	NaN
124	0	NaN	NaN	20160202	4	6	7	8	5
125	0	NaN	NaN	20160202	9	11	12	13	10
126	0	131	173	20160203	0	2	3	NaN	1
127	0	151	170	20160203	4	6	7	NaN	5
128	0	145	178	20160203	12	13	14	15	16
129	3	136	204	20160207	0	1	2	3	4
130	3	134	188	20160207	5	7	8	9	10
131	3	143	187	20160207	11	13	14	15	12
132	3	143	197	20160207	16	18	19	20	17
133	0	148	198	20160207	24	25	26	27	NaN
134	0	153	213	20160207	33	29	30	31	32
135	0	161	199	20160207	NaN	34	35	NaN	36
136	3	172	195	20160209	1	2	3	4	5
137	3	183	188	20160209	6	7	8	NaN	10
138	3	170	185	20160209	11	12	13	14	NaN
139	3	165	191	20160209	15	16	17	18	19
140	3	179	178	20160209	20	21	22	23	24
141	3	177	188	20160209	25	26	27	29	28
142	0	156	158	20160209	30	31	32	33	34
143	0	142	159	20160209	35	36	37	38	NaN
144	0	134	200	20160209	39	40	41	42	43
145	0	126	188	20160209	49	50	51	52	53
146	0	137	181	20160209	54	55	56	57	58
147	0	133	184	20160209	59	60	61	62	63
148	3	150	203	20160214	0	1	2	3	4
149	3	165	206	20160214	8	9	10	11	12
150	3	141	208	20160214	13	14	15	16	17
151	3	148	213	20160214	18	19	20	21	22
152	3	155	209	20160214	23	24	25	26	27
153	3	158	212	20160214	28	29	30	31	32
154	3	157	200	20160214	33	34	35	36	37
155	3	162	216	20160214	41	42	43	44	45
156	3	168	217	20160214	46	47	48	49	50
157	0	138	230	20160214	51	52	53	54	55
158	0	129	212	20160214	56	57	58	59	NaN
159	0	132	170	20160216	0	1	2	4	3
160	0	137	154	20160216	1	2	3	4	NaN
161	0	152	153	20160216	5	6	7	8	9
162	0	161	157	20160220	0	1	2	3	4
163	0	155	167	20160220	4	5	6	7	NaN
164	0	165	168	20160220	8	9	10	11	NaN
165	3	158	203	20160223	0	1	2	3	NaN
166	3	157	210	20160223	4	5	6	7	8
167	3	154	220	20160223	9	10	11	12	13
168	3	147	202	20160223	14	15	16	17	18
169	3	145	196	20160223	19	20	21	22	23
170	3	145	208	20160223	24	25	26	27	28
171	3	135	210	20160223	29	30	31	32	33
172	3	154	193	20160223	36	37	38	39	40
173	3	139	200	20160223	41	42	43	44	45
174	3	149	201	20160223	46	47	48	49	50
175	3	164	202	20160223	51	52	53	54	NaN
176	3	133	193	20160223	55	56	57	58	59
177	6	130	194	20160228	0	1	2	3	4
178	6	171	203	20160228	5	6	7	9	8
179	6	153	167	20160228	10	11	12	13	14
180	6	150	182	20160228	15	16	17	18	19
181	6	151	200	20160228	20	21	22	23	24
182	6	161	208	20160228	25	26	27	28	29
183	6	180	208	20160228	30	31	32	33	34
184	6	159	189	20160228	35	36	37	38	39
185	7	143	187	20160228	40	41	42	43	44
186	7	163	203	20160228	45	46	47	48	NaN
187	0	154	203	20160301	0	1	2	NaN	4
188	0	173	185	20160301	5	6	7	8	9
189	0	165	193	20160301	10	11	12	13	14
190	0	165	206	20160301	15	16	17	18	19
191	0	172	194	20160301	21	22	23	25	24
192	0	153	183	20160301	26	27	28	29	30
193	0	162	168	20160301	31	32	33	34	35
194	0	195	182	20160301	36	37	38	39	40
195	0	182	208	20160301	41	42	43	44	45
196	0	194	207	20160301	46	47	48	49	50
197	7	146	204	20160306	0	1	2	3	4
198	7	156	212	20160306	5	6	7	8	9
199	7	163	202	20160306	10	11	12	14	13
200	7	182	197	20160306	15	16	17	18	19
201	7	163	210	20160306	20	21	22	24	23
202	7	174	208	20160306	27	28	29	30	31
203	7	196	203	20160306	32	33	34	35	36
204	7	183	208	20160306	37	38	39	40	41
205	6	153	216	20160312	3	4	5	6	7
206	6	143	198	20160312	10	11	12	13	14
207	6	129	204	20160312	15	16	17	18	19
208	6	139	213	20160312	20	21	22	23	24
209	6	153	196	20160312	25	26	27	28	29
210	4	162	201	20160315	0	1	2	3	4
211	4	168	194	20160315	5	6	7	8	9
212	4	167	212	20160315	10	11	12	13	14
213	4	180	207	20160315	15	16	17	19	18
214	4	172	218	20160315	20	21	22	23	24
215	4	161	205	20160315	27	28	29	31	30
216	4	169	205	20160315	32	33	34	35	36
217	5	113	203	20160317	0	1	2	3	4
218	5	116	208	20160317	8	9	10	11	12
219	5	123	211	20160317	13	14	15	16	17
220	5	127	215	20160317	18	19	20	21	22
221	5	136	179	20160317	23	24	25	26	NaN
222	5	123	216	20160317	27	28	29	30	NaN
223	5	128	182	20160317	35	36	37	39	38
224	5	127	195	20160317	40	41	42	NaN	43
225	2	129	163	20160318	19	20	21	23	22
226	2	145	158	20160318	24	25	26	27	28
227	2	144	179	20160318	29	30	31	32	33
228	2	133	173	20160318	34	35	36	37	38
229	2	126	168	20160318	39	40	41	42	43
230	2	150	174	20160318	44	45	46	NaN	48
231	2	137	165	20160318	49	50	51	52	NaN
232	1	173	210	20160319	0	1	2	3	4
233	1	167	216	20160319	5	6	7	8	9
234	1	184	203	20160319	10	11	12	13	14
235	1	173	227	20160319	15	16	17	18	19
236	1	187	226	20160319	20	21	22	23	24
237	1	165	223	20160319	25	26	27	28	29
238	5	138	180	20160319	0	1	2	3	4
239	5	144	173	20160319	5	6	7	8	9
240	5	143	187	20160319	10	11	12	13	14
241	5	144	179	20160319	15	16	17	18	19
